Kedai Runcit Ah Beng
1
Mango
10
0
120.000000
2.000000
-
-
-
2
Apple
9
0
200.000000
1.000000
-
-
-
3
Grapes
11
0
100.000000
3.000000
-
-
-
4
Manuka Honey
14
0
800.000000
12.000000
NZ
NZ
nz@gmail.com
5
Chilli
20
0
50.000000
2.000000
-
-
-
6
HotWheels
20
0
350.000000
12.000000
Mattel
Toyz
toyz@mail.com
7
Eggs
90
0
100.000000
1.000000
A1
A1
a1@mail.com
8
Spinach
14
0
120.000000
1.000000
-
Muthu
0122502825
9
Mushroom
12
0
80.000000
2.000000
-
-
-
10
Pepper
14
0
150.000000
5.000000
Babas
Babas
babas.com
11
Curry powder
17
0
150.000000
4.000000
Babas
Babas
babas.com
12
Rice
8
1
5.000000
8.000000
Faiza Emas
Faiza
faiza.com
13
Bread
6
0
180.000000
2.000000
Gardenia
Gardenia
gardenia.com
14
Bread
4
0
200.000000
3.000000
Massimo
Massimo
massimo.com
15
Garlic
35
0
75.000000
2.500000
-
Ah Kong
0177568952
16
Flour
3
0
500.000000
5.000000
GoodChef
GoodChef
goodchef.com
17
Cereal
6
0
400.000000
9.000000
KokoKrunch
Nestle
nestle.com
18
Cereal
3
0
400.000000
10.000000
Honey Stars
Nestle
nestle.com
19
Pasta
8
0
500.000000
8.000000
Prego
Prego
prego.com
20
Milk
5
1
1.000000
5.000000
GoodDay
GoodDay
goodday.com
21
Milk
3
1
1.000000
8.000000
HL
HL
hl.com
22
Milk
7
1
1.000000
6.000000
Dutch Lady
Nestle
nestle.com
23
Cooking Oil
7
1
1.000000
15.000000
Naturel
Naturel
naturel.com
24
Cooking Oil
4
1
1.000000
12.000000
Helang
Kim Huat
kimhuat.com
25
Butter
4
0
250.000000
7.000000
Buttercup
Buttercup
ilovebutter.com
26
Butter
6
0
250.000000
9.000000
Anchor
Anchor
anchor.com
27
Sugar
8
0
500.000000
8.000000
1 Malaysia
Najib Razak
1mdb.com
28
Tea
3
0
250.000000
12.000000
Boh
Boh
boh.com
29
Tea
6
0
300.000000
11.000000
Lipton
Lipton
lipton.com
30
Instant noodles
9
0
150.000000
4.000000
Mi Sedaap
WingsFood
wingsfood.com
0
bread
3
0
3.000000
3.000000
3
3
3
0

0
0
0.000000
0.000000



0

0
0
0.000000
0.000000



0

0
0
0.000000
0.000000



0

0
0
0.000000
0.000000



0

0
0
0.000000
0.000000



0

0
0
0.000000
0.000000



0

0
0
0.000000
0.000000



0

0
0
0.000000
0.000000



0

0
0
0.000000
0.000000



0

0
0
0.000000
0.000000



0

0
0
0.000000
0.000000



0

0
0
0.000000
0.000000



0

0
0
0.000000
0.000000



0

0
0
0.000000
0.000000



0

0
0
0.000000
0.000000



0

0
0
0.000000
0.000000



0

0
0
0.000000
0.000000



0

0
0
0.000000
0.000000



0

0
0
0.000000
0.000000



0

0
0
0.000000
0.000000



0

0
0
0.000000
0.000000



0

0
0
0.000000
0.000000



0

0
0
0.000000
0.000000



0

0
0
0.000000
0.000000



0

0
0
0.000000
0.000000



0

0
0
0.000000
0.000000



0

0
0
0.000000
0.000000



0

0
0
0.000000
0.000000



0

0
0
0.000000
0.000000



0

0
0
0.000000
0.000000



0

0
0
0.000000
0.000000



0

0
0
0.000000
0.000000



0

0
0
0.000000
0.000000



0

0
0
0.000000
0.000000



0

0
0
0.000000
0.000000



0

0
0
0.000000
0.000000



0

0
0
0.000000
0.000000



0

0
0
0.000000
0.000000



0

0
0
0.000000
0.000000



0

0
0
0.000000
0.000000



0

0
0
0.000000
0.000000



0

0
0
0.000000
0.000000



0

0
0
0.000000
0.000000



0

0
0
0.000000
0.000000



0

0
0
0.000000
0.000000



0

0
0
0.000000
0.000000



0

0
0
0.000000
0.000000



0

0
0
0.000000
0.000000



0

0
0
0.000000
0.000000



0

0
0
0.000000
0.000000



0

0
0
0.000000
0.000000



0

0
0
0.000000
0.000000



0

0
0
0.000000
0.000000



0

0
0
0.000000
0.000000



0

0
0
0.000000
0.000000



0

0
0
0.000000
0.000000



0

0
0
0.000000
0.000000



0

0
0
0.000000
0.000000



0

0
0
0.000000
0.000000



0

0
0
0.000000
0.000000



0

0
0
0.000000
0.000000



0

0
0
0.000000
0.000000



0

0
0
0.000000
0.000000



0

0
0
0.000000
0.000000



0

0
0
0.000000
0.000000



0

0
0
0.000000
0.000000



0

0
0
0.000000
0.000000



0

0
0
0.000000
0.000000



0

0
0
0.000000
0.000000






